#80000
Krelm test lever puller~
Krelm's Test Lever Puller~
Krelm's Test Lever Puller pulls levers.~
(null)~
10 786438 5 2 0 5d1+104 1d2+0 0 8 8 0 0 0 0 0
0 0 0 0 0 0 50 0 0 0 0 0 0 0 0 0 0 0 0
16 16 16 16 16 16 40 16
0 0
0 0 10 0 0 0 16 16 0 0
10 0 0 0 0 0 0 0 0 0
0 0 0 0 0 0 0 0 0 0
0 0 0 0 0 0 0 0 0 0
100 0 0 0 0 0 0 0 0 0
0 0 0 0 0 0 0 0 0 0
0 0 0 0 0 0 0 0 0 0
0 0 0 0 0 0 0 0 0 0
0 0 0 0 0 0 0 0 0 0
0 0 0 0 0 0 0 0 0 0
0 0 0 0 0 0 0 0 0 0
0 0 0 0 0 0 0 0 0 0
0 0 0 0 0 0 0 0 0 0
0 0 0 0 0 0 0 0 0 0
0 0 0 0 0 0 0 0 0 0
~
0 0 0
$~
