#20100
nest-maker bandit~
a bandit nest-maker~
A bandit nest-maker is here.~
(null)~
2097160 786434 5 0 0 5d1+80 1d2+0 0 8 8 0 0 0 0 0
0 0 0 0 0 0 50 0 0 0 0 0 0 0 0 0 0 0 0
16 16 16 16 16 16 40 16
0 0
0 0 10 0 0 0 16 16 0 0
10 0 0 0 0 0 100 100 0 0
0 0 0 0 0 0 0 0 0 0
0 0 0 0 0 0 0 0 0 0
100 0 0 0 0 0 0 0 0 0
0 0 0 0 0 0 0 0 0 0
0 0 0 0 0 0 0 0 0 0
0 0 0 0 0 0 0 0 0 0
0 0 0 0 0 0 0 0 0 0
0 0 0 0 0 0 0 0 0 0
0 0 0 0 0 0 0 0 0 0
0 0 0 0 0 0 0 0 0 0
0 0 0 0 0 0 0 0 0 0
0 0 0 0 0 0 0 0 0 0
0 0 0 0 0 0 0 0 0 0
~
0 0 0
$~
