#88004
Riddler Ragnarok End of Days Challenge~
the Riddler~
The Riddler sits in his throne.~
(null)~
8 0 5 0 0 5d1+104 1d2+0 0 8 8 0 0 0 0 0
0 0 0 0 0 0 24 0 0 0 0 0 0 0 0 0 0 0 0
16 16 16 16 16 16 45 16
0 0
0 10 0 0 0 0 16 16 0 0
0 0 0 0 0 0 0 0 0 0
0 0 0 0 0 0 0 0 0 0
0 0 0 0 0 0 0 0 0 0
0 0 0 0 0 100 0 0 0 0
0 0 0 0 0 0 0 0 0 0
0 0 0 0 0 0 0 0 0 0
0 0 0 0 0 0 0 0 0 0
0 0 0 0 0 0 0 0 0 0
0 0 0 0 0 0 0 0 0 0
0 0 0 0 0 0 0 0 0 0
0 0 0 0 0 0 0 0 0 0
0 0 0 0 0 0 0 0 0 0
0 0 0 0 0 0 0 0 0 0
0 0 0 0 0 0 0 0 0 0
~
0 0 0
$~
