#72500
mudsex hovel salesman~
a mudsex hovel salesman~
A mudsex hovel salesman stands here.~
(null)~
8 0 5 0 0 5d1+80 1d2+0 0 8 8 0 0 0 0 0
0 0 0 0 0 0 50 0 0 0 0 0 0 0 0 0 0 0 0
16 16 16 16 16 16 40 16
0 1
0 0 10 0 0 0 16 16 0 0
10 0 0 0 0 0 0 0 0 0
0 0 0 0 0 0 0 0 0 0
0 0 0 0 0 0 0 0 0 0
100 0 0 0 0 0 0 0 0 0
0 0 0 0 0 0 0 0 0 0
0 0 0 0 0 0 0 0 0 0
0 0 0 0 0 0 0 0 0 0
0 0 0 0 0 0 0 0 0 0
0 0 0 0 0 0 0 0 0 0
0 0 0 0 0 0 0 0 0 0
0 0 0 0 0 0 0 0 0 0
0 0 0 0 0 0 0 0 0 0
0 0 0 0 0 0 0 0 0 0
0 0 0 0 0 0 0 0 0 0
~
0 0 0
#72145
series stands hawkers hawking~
one of the hawkers~
A series of stands, hawking all variety of things.~
(null)~
16777738 0 5 0 0 5d1+80 1d2+0 0 8 8 0 0 0 0 0
0 0 0 0 0 0 50 0 0 0 0 0 0 0 0 0 0 0 0
16 16 16 16 16 16 40 16
0 1
0 0 10 0 0 0 16 16 0 0
10 0 0 0 0 0 0 0 0 0
0 0 0 0 0 0 0 0 0 0
0 0 0 0 0 0 0 0 0 0
100 0 0 0 0 0 0 0 0 0
0 0 0 0 0 0 0 0 0 0
0 0 0 0 0 0 0 0 0 0
0 0 0 0 0 0 0 0 0 0
0 0 0 0 0 0 0 0 0 0
0 0 0 0 0 0 0 0 0 0
0 0 0 0 0 0 0 0 0 0
0 0 0 0 0 0 0 0 0 0
0 0 0 0 0 0 0 0 0 0
0 0 0 0 0 0 0 0 0 0
0 0 0 0 0 0 0 0 0 0
~
0 0 0
#72095
invisible jukebox corgi~
an invisible jukebox corgi~
An invisible jukebox corgi lives inside the jukebox and woofs along to the music.~
(null)~
8 2 5 0 0 5d1+80 1d2+0 0 8 8 0 0 0 0 0
0 0 0 0 0 0 50 0 0 0 0 0 0 0 0 0 0 0 0
16 16 16 16 16 16 40 16
0 0
0 0 10 0 0 0 16 16 0 0
10 0 0 0 0 0 0 0 0 0
0 0 0 0 0 0 0 0 0 0
0 0 0 0 0 0 0 0 0 0
100 0 0 0 0 0 0 0 0 0
0 0 0 0 0 0 0 0 0 0
0 0 0 0 0 0 0 0 0 0
0 0 0 0 0 0 0 0 0 0
0 0 0 0 0 0 0 0 0 0
0 0 0 0 0 0 0 0 0 0
0 0 0 0 0 0 0 0 0 0
0 0 0 0 0 0 0 0 0 0
0 0 0 0 0 0 0 0 0 0
0 0 0 0 0 0 0 0 0 0
0 0 0 0 0 0 0 0 0 0
~
0 0 0
$~
