#54
Lead: (null)~
The Junkyard~
(null)~
(null)~
(null)~
(null)~
0 0 0 1 0 0
D 0 54383 3 1
D 0 54410 0 1
D 0 54413 0 1
D 0 54425 2 1
D 0 54451 2 1
D 0 54021 5 1
D 0 54030 3 1
D 0 54031 1 1
D 0 54033 0 2
D 0 54033 2 2
D 0 54037 0 2
D 0 54037 2 2
D 0 54039 3 1
D 0 54040 1 1
D 0 54041 1 1
D 0 54041 2 1
D 0 54041 3 1
D 0 54043 0 1
D 0 54043 2 1
D 0 54051 1 2
D 0 54051 3 2
D 0 54054 1 2
D 0 54054 3 2
D 0 54057 0 2
D 0 54058 2 2
D 0 54058 4 1
D 0 54026 3 1
D 0 54027 1 1
D 0 54028 0 1
D 0 54028 2 1
D 0 54059 2 1
D 0 54059 5 2
D 0 54060 0 1
D 0 54064 0 1
D 0 54064 2 1
D 0 54066 3 2
D 0 54067 1 2
D 0 54067 3 1
D 0 54068 3 2
D 0 54069 0 2
D 0 54069 3 2
D 0 54070 3 2
D 0 54071 2 2
D 0 54071 3 2
D 0 54072 0 1
D 0 54072 2 1
D 0 54074 1 2
D 0 54075 1 1
D 0 54075 3 2
D 0 54076 1 1
D 0 54077 0 1
D 0 54077 1 1
D 0 54078 1 1
D 0 54079 1 1
D 0 54079 2 1
D 0 54081 1 1
D 0 54081 3 1
D 0 54082 2 1
D 0 54086 1 1
D 0 54086 3 1
D 0 54091 1 1
D 0 54091 3 1
D 0 54093 0 1
D 0 54093 2 1
D 0 54094 0 1
D 0 54095 1 1
D 0 54096 3 1
D 0 54098 0 1
D 0 54097 0 1
D 0 54099 2 1
D 0 54100 0 1
D 0 54104 0 1
D 0 54105 0 1
D 0 54105 2 1
D 0 54106 1 1
D 0 54106 2 1
D 0 54107 0 1
D 0 54107 1 1
D 0 54107 2 1
D 0 54107 3 1
D 0 54108 0 1
D 0 54108 2 1
D 0 54109 2 2
D 0 54110 0 1
D 0 54111 0 2
D 0 54112 0 1
D 0 54112 2 1
D 0 54113 4 3
D 0 54114 1 1
D 0 54114 2 1
D 0 54115 0 1
D 0 54116 3 1
D 0 54117 0 1
D 0 54118 2 2
D 0 54119 0 2
D 0 54120 0 1
D 0 54121 0 1
D 0 54121 2 1
D 0 54122 2 1
D 0 54122 3 1
D 0 54123 0 1
D 0 54123 1 1
D 0 54123 2 1
D 0 54123 3 1
D 0 54124 0 1
D 0 54124 2 1
D 0 54125 2 2
D 0 54126 0 1
D 0 54127 0 2
D 0 54128 0 1
D 0 54128 2 1
D 0 54129 0 1
D 0 54129 1 1
D 0 54129 2 1
D 0 54129 3 1
D 0 54129 4 1
D 0 54129 5 1
D 0 54130 2 1
D 0 54130 3 1
D 0 54131 0 1
D 0 54131 1 1
D 0 54132 1 1
D 0 54133 0 1
D 0 54134 2 2
D 0 54135 0 2
D 0 54136 1 1
D 0 54136 3 1
D 0 54137 1 1
D 0 54138 3 1
D 0 54138 4 3
D 0 54139 1 2
D 0 54139 2 3
D 0 54139 3 2
D 0 54140 1 2
D 0 54140 3 2
D 0 54141 0 1
D 0 54141 1 2
D 0 54141 2 1
D 0 54141 3 1
D 0 54142 0 1
D 0 54142 1 2
D 0 54142 3 2
D 0 54143 1 2
D 0 54143 3 2
D 0 54144 1 2
D 0 54144 2 2
D 0 54144 3 2
D 0 54145 1 2
D 0 54145 3 2
D 0 54146 0 1
D 0 54146 1 1
D 0 54146 2 1
D 0 54146 3 2
D 0 54147 0 1
D 0 54147 1 2
D 0 54147 3 2
D 0 54148 1 2
D 0 54148 3 2
D 0 54149 1 2
D 0 54149 2 2
D 0 54149 3 2
D 0 54150 0 3
D 0 54153 3 2
D 0 54152 1 2
D 0 54154 3 2
D 0 54155 1 2
D 0 54156 1 2
D 0 54157 3 2
D 0 54158 3 2
D 0 54159 1 2
D 0 54160 3 2
D 0 54161 1 2
D 0 54162 3 2
D 0 54163 1 2
D 0 54164 2 1
D 0 54165 0 1
D 0 54165 1 1
D 0 54165 3 1
D 0 54166 3 1
D 0 54170 0 1
D 0 54170 2 1
D 0 54172 3 1
D 0 54173 3 1
D 0 54176 3 1
D 0 54180 0 1
D 0 54180 2 1
D 0 54182 1 1
D 0 54183 1 1
D 0 54184 1 1
D 0 54185 3 1
D 0 54186 1 1
D 0 54189 2 1
D 0 54189 5 1
D 0 54192 0 1
D 0 54195 1 1
D 0 54195 2 1
D 0 54195 3 1
D 0 54195 5 1
D 0 54196 3 1
D 0 54197 1 1
D 0 54198 0 1
D 0 54198 5 1
D 0 54201 1 1
D 0 54201 3 1
D 0 54202 3 1
D 0 54203 1 1
D 0 54204 2 1
D 0 54205 0 1
D 0 54205 2 1
D 0 54206 0 1
D 0 54206 2 1
D 0 54211 1 1
D 0 54211 3 1
D 0 54213 3 1
D 0 54216 1 1
D 0 54222 1 1
D 0 54222 3 1
D 0 54224 1 1
D 0 54227 3 1
D 0 54230 2 1
D 0 54231 0 1
D 0 54231 4 2
D 0 54232 3 2
D 0 54233 1 1
D 0 54233 3 2
D 0 54235 1 1
D 0 54235 3 1
D 0 54236 1 1
D 0 54237 1 1
D 0 54237 3 1
D 0 54238 3 1
D 0 54239 1 1
D 0 54239 3 1
D 0 54240 1 1
D 0 54241 3 1
D 0 54242 1 1
D 0 54242 2 1
D 0 54242 3 1
D 0 54243 1 1
D 0 54244 3 1
D 0 54245 0 1
D 0 54029 2 2
D 0 54250 0 2
D 0 54256 2 2
D 0 54262 0 2
D 0 54268 0 1
D 0 54047 3 2
D 0 54271 1 2
D 0 54276 1 2
D 0 54279 3 2
D 0 54282 3 1
D 0 54283 1 1
D 0 54292 0 2
D 0 54292 1 1
D 0 54292 2 2
D 0 54416 0 2
D 0 54416 2 2
D 0 54416 3 1
D 0 54608 0 1
D 0 54434 4 1
D 0 54480 5 2
D 0 54481 3 1
D 0 54484 1 1
D 0 54487 3 1
D 0 54490 1 1
D 0 54498 2 1
D 0 54499 2 1
D 0 54500 0 2
D 0 54500 2 2
D 0 54501 0 2
D 0 54501 2 2
D 0 54501 3 2
D 0 54502 2 2
D 0 54503 0 2
D 0 54504 1 2
D 0 54505 2 1
D 0 54506 0 2
D 0 54506 2 2
D 0 54507 0 2
D 0 54507 1 2
D 0 54507 2 2
D 0 54508 2 2
D 0 54509 0 2
D 0 54510 3 2
D 0 54511 1 1
D 0 54511 2 1
D 0 54512 3 1
D 0 54513 2 1
D 0 54513 3 1
D 0 54514 1 1
D 0 54515 0 2
D 0 54516 0 2
D 0 54517 0 1
D 0 54518 0 1
D 0 54518 1 1
D 0 54518 3 1
D 0 54518 5 1
D 0 54519 1 1
D 0 54519 2 1
D 0 54519 3 1
D 0 54519 4 1
D 0 54519 5 1
D 0 54520 0 1
D 0 54520 1 1
D 0 54520 3 1
D 0 54520 4 1
D 0 54520 5 1
D 0 54521 4 1
M 0 50200 0 54522 0
G 1 54204 0
D 0 54523 3 1
M 0 50200 0 54523 0
G 1 54201 0
D 0 54525 1 1
M 0 50200 0 54525 0
G 1 54203 0
D 0 54524 1 1
D 0 54526 2 1
D 0 54527 2 1
D 0 54528 1 2
D 0 54530 3 1
D 0 54531 1 1
D 0 54532 2 1
D 0 54533 2 1
D 0 54534 2 1
D 0 54535 3 1
D 0 54536 4 1
D 0 54537 1 1
D 0 54538 3 1
D 0 54539 4 1
D 0 54540 4 1
D 0 54541 1 1
D 0 54542 1 1
D 0 54543 3 1
D 0 54544 4 1
D 0 54545 2 1
D 0 54550 1 1
D 0 54550 3 2
D 0 54551 1 1
D 0 54551 3 2
D 0 54552 1 1
D 0 54552 3 1
D 0 54553 1 2
D 0 54553 3 1
D 0 54554 1 1
D 0 54554 2 1
D 0 54554 3 1
D 0 54555 3 1
D 0 54556 3 1
D 0 54557 3 1
D 0 54558 3 1
D 0 54559 3 1
D 0 54560 2 1
D 0 54561 0 1
D 0 54562 0 1
D 0 54562 1 1
D 0 54563 3 1
D 0 54564 1 1
D 0 54564 2 1
D 0 54564 3 2
D 0 54565 1 2
D 0 54566 0 1
D 0 54566 3 1
D 0 54567 1 1
D 0 54568 2 2
D 0 54569 1 2
D 0 54570 1 2
D 0 54571 1 2
D 0 54572 1 2
D 0 54573 0 2
D 0 54574 5 3
D 0 54575 5 3
D 0 54576 5 1
D 0 54577 4 1
D 0 54578 3 1
D 0 54579 0 1
D 0 54580 2 1
D 0 54581 4 1
D 0 54582 3 1
D 0 54583 1 2
D 0 54584 4 2
D 0 54585 3 2
D 0 54587 3 2
D 0 54589 1 2
D 0 54590 1 2
D 0 54591 1 2
D 0 54601 0 1
D 0 54593 4 1
D 0 54595 0 1
D 0 54596 5 1
D 0 54597 5 1
D 0 54598 5 1
D 0 54605 1 2
D 0 54605 3 1
D 0 54606 3 2
D 0 54607 5 2
D 0 54620 2 1
D 0 54625 1 1
D 0 54626 3 1
S
