#75
Lead: (null)~
Empty Zone~
(null)~
(null)~
(null)~
(null)~
0 0 0 1 0 0
D 0 75000 0 2
D 0 75001 2 2
D 0 75002 2 1
D 0 75003 2 2
D 0 75005 2 2
D 0 75005 3 1
D 0 75006 3 1
D 0 75007 5 1
D 0 75011 1 2
D 0 75016 3 2
D 0 75027 3 2
D 0 75056 0 2
D 0 75107 1 2
D 0 75121 0 2
D 0 75131 1 2
D 0 75136 0 1
D 0 75148 1 2
D 0 75149 3 2
D 0 75200 1 2
D 0 75203 0 1
D 0 75206 1 2
D 0 75222 3 1
D 0 75223 1 1
D 0 75226 2 2
D 0 75236 1 1
D 0 75237 3 1
D 0 75238 1 1
D 0 75241 1 1
D 0 75241 3 1
D 0 75242 0 1
D 0 75242 1 1
D 0 75243 2 1
D 0 75244 3 1
D 0 75248 3 1
D 0 75250 1 1
D 0 75253 1 1
D 0 75254 3 1
D 0 75255 1 1
D 0 75255 3 1
D 0 75256 3 1
D 0 75257 1 1
D 0 75260 2 1
D 0 75262 1 1
D 0 75265 1 1
D 0 75267 0 1
D 0 75268 1 1
D 0 75268 2 2
D 0 75268 3 1
D 0 75269 3 1
D 0 75270 1 1
D 0 75271 0 2
D 0 75273 0 1
D 0 75273 2 1
D 0 75274 2 1
D 0 75274 4 2
D 0 75275 0 2
D 0 75276 2 2
D 0 75278 1 2
D 0 75278 2 2
D 0 75278 3 2
D 0 75279 0 2
D 0 75279 1 2
D 0 75280 2 2
D 0 75280 5 2
D 0 75281 3 2
D 0 75282 3 2
D 0 75283 0 2
D 0 75284 1 2
D 0 75286 3 2
D 0 75014 1 1
D 0 75014 3 1
D 0 75125 3 1
D 0 75287 0 1
D 0 75287 2 1
D 0 75288 1 1
D 0 75291 3 1
D 0 75292 1 2
D 0 75294 1 2
D 0 75294 3 2
D 0 75298 3 2
D 0 75300 0 2
D 0 75304 3 2
D 0 75308 3 1
D 0 75309 1 1
D 0 75312 2 1
D 0 75312 3 1
D 0 75313 1 1
D 0 75314 0 2
D 0 75314 3 2
D 0 75315 1 2
D 0 75317 1 1
D 0 75318 3 1
D 0 75319 3 2
D 0 75321 0 1
D 0 75321 5 1
D 0 75322 2 1
D 0 75325 1 1
D 0 75325 2 2
D 0 75325 4 1
D 0 75326 0 2
D 0 75327 3 1
D 0 75336 1 1
D 0 75336 2 1
S
