#67
Lead: (null)~
Grungetown Interior~
(null)~
(null)~
(null)~
(null)~
0 0 0 1 67008 66293
D 0 67000 0 2
D 0 67000 1 1
D 0 67000 3 1
D 0 67000 4 2
D 0 67001 1 1
D 0 67002 1 2
D 0 67002 2 2
D 0 67002 3 1
D 0 67003 3 2
D 0 67004 0 2
D 0 67004 1 2
D 0 67004 2 2
D 0 67004 3 2
D 0 67005 3 2
D 0 67006 1 2
D 0 67007 0 2
D 0 67007 2 2
D 0 67007 3 2
D 0 67008 0 2
D 0 67008 3 2
D 0 67010 3 2
D 0 67011 1 2
D 0 67012 1 2
D 0 67012 3 1
D 0 67013 1 1
D 0 67014 1 2
D 0 67014 2 1
D 0 67014 3 2
D 0 67015 0 1
D 0 67016 4 1
D 0 67016 5 2
D 0 67017 1 1
D 0 67017 3 1
D 0 67018 3 1
D 0 67020 0 2
D 0 67020 1 1
D 0 67021 2 2
D 0 67023 0 2
D 0 67023 2 2
D 0 67024 2 2
D 0 67025 0 2
D 0 67026 0 2
D 0 67026 2 2
D 0 67027 2 2
D 0 67028 0 2
D 0 67029 0 2
D 0 67029 1 1
D 0 67029 2 2
D 0 67030 2 2
D 0 67031 0 2
D 0 67032 0 2
D 0 67032 2 2
D 0 67033 2 2
D 0 67034 0 2
D 0 67035 0 2
D 0 67035 2 2
D 0 67036 0 2
D 0 67037 2 2
D 0 67038 0 2
D 0 67038 2 2
D 0 67038 3 1
D 0 67039 2 2
D 0 67040 0 2
D 0 67046 1 2
D 0 67046 5 1
D 0 67047 0 2
D 0 67048 3 2
D 0 67049 1 2
D 0 67049 3 1
D 0 67050 3 2
D 0 67051 1 1
D 0 67054 1 2
D 0 67054 2 2
D 0 67055 3 2
D 0 67056 0 2
D 0 67057 2 2
D 0 67058 0 2
D 0 67059 0 1
D 0 67059 2 1
D 0 67060 0 2
D 0 67060 2 2
D 0 67062 2 1
D 0 67063 0 1
D 0 67063 5 1
D 0 67064 0 1
D 0 67064 1 1
D 0 67064 2 1
D 0 67065 1 1
D 0 67065 2 1
D 0 67066 3 1
D 0 67067 0 1
D 0 67067 1 1
D 0 67068 3 1
D 0 67069 0 1
D 0 67069 3 1
D 0 67070 2 1
D 0 67071 2 2
D 0 67072 0 2
D 0 67073 3 1
D 0 67074 1 1
D 0 67075 0 2
D 0 67076 2 2
D 0 67076 3 1
D 0 67077 2 2
D 0 67078 1 2
D 0 67009 0 2
D 0 67009 1 1
D 0 67079 2 2
S
