#64
Lead: (null)~
Empty Zone~
(null)~
(null)~
(null)~
(null)~
0 0 0 1 0 0
D 0 64101 2 1
D 0 64102 2 1
D 0 64103 2 1
D 0 64104 2 1
D 0 64105 2 1
D 0 64106 2 1
D 0 64107 2 1
D 0 64108 2 1
D 0 64110 1 1
D 0 64111 0 1
D 0 64111 2 1
D 0 64111 3 1
D 0 64112 0 1
D 0 64112 2 1
D 0 64113 0 1
D 0 64113 2 1
D 0 64114 0 1
D 0 64114 2 1
D 0 64115 0 1
D 0 64115 2 1
D 0 64116 0 1
D 0 64116 2 1
D 0 64117 0 1
D 0 64117 2 1
D 0 64118 0 1
D 0 64118 1 1
D 0 64118 2 1
D 0 64119 3 1
D 0 64121 0 1
D 0 64122 0 1
D 0 64123 0 1
D 0 64124 0 1
D 0 64125 0 1
D 0 64126 0 1
D 0 64127 0 1
D 0 64128 0 1
D 0 64131 2 1
D 0 64132 2 1
D 0 64133 2 1
D 0 64134 2 1
D 0 64135 2 1
D 0 64136 2 1
D 0 64137 2 1
D 0 64138 2 1
D 0 64140 1 1
D 0 64141 0 1
D 0 64141 2 1
D 0 64142 0 1
D 0 64142 2 1
D 0 64143 0 1
D 0 64143 2 1
D 0 64144 0 1
D 0 64144 2 1
D 0 64145 0 1
D 0 64145 2 1
D 0 64146 0 1
D 0 64146 2 1
D 0 64147 0 1
D 0 64147 2 1
D 0 64148 0 1
D 0 64148 1 1
D 0 64148 2 1
D 0 64149 3 1
D 0 64151 0 1
D 0 64152 0 1
D 0 64153 0 1
D 0 64154 0 1
D 0 64155 0 1
D 0 64156 0 1
D 0 64157 0 1
D 0 64158 0 1
D 0 64161 2 1
D 0 64162 2 1
D 0 64163 2 1
D 0 64164 2 1
D 0 64165 2 1
D 0 64166 2 1
D 0 64167 2 1
D 0 64168 1 1
D 0 64168 2 1
D 0 64169 3 1
D 0 64170 1 1
D 0 64171 0 1
D 0 64171 2 1
D 0 64171 3 1
D 0 64172 0 1
D 0 64172 2 1
D 0 64173 0 1
D 0 64173 2 1
D 0 64174 0 1
D 0 64174 2 1
D 0 64175 0 1
D 0 64175 2 1
D 0 64176 0 1
D 0 64176 2 1
D 0 64177 0 1
D 0 64177 2 1
D 0 64178 0 1
D 0 64178 1 1
D 0 64178 2 1
D 0 64179 3 1
D 0 64181 0 1
D 0 64183 0 1
D 0 64184 0 1
D 0 64185 0 1
D 0 64186 0 1
D 0 64187 0 1
D 0 64188 0 1
D 0 64192 2 1
D 0 64193 2 1
D 0 64194 2 1
D 0 64195 2 1
D 0 64196 2 1
D 0 64197 2 1
D 0 64200 3 1
D 0 64202 0 1
D 0 64203 0 1
D 0 64203 2 1
D 0 64204 0 1
D 0 64204 2 1
D 0 64205 0 1
D 0 64205 2 1
D 0 64206 0 1
D 0 64207 0 1
D 0 64207 2 1
D 0 64208 1 1
D 0 64209 3 1
D 0 64211 1 1
D 0 64212 3 1
D 0 64213 0 1
D 0 64214 0 1
D 0 64215 0 1
D 0 64217 0 1
D 0 64300 1 1
D 0 64300 2 1
D 0 64301 2 1
D 0 64301 3 1
D 0 64302 2 1
D 0 64303 2 1
D 0 64304 2 1
D 0 64305 2 1
D 0 64306 2 1
D 0 64307 2 1
D 0 64308 1 1
D 0 64308 2 1
D 0 64309 3 1
D 0 64310 0 1
D 0 64311 0 1
D 0 64311 2 1
D 0 64312 0 1
D 0 64312 2 1
D 0 64313 0 1
D 0 64313 2 1
D 0 64314 0 1
D 0 64314 2 1
D 0 64315 0 1
D 0 64315 2 1
D 0 64316 0 1
D 0 64316 2 1
D 0 64317 0 1
D 0 64317 2 1
D 0 64317 5 1
D 0 64318 0 1
D 0 64318 1 1
D 0 64318 2 1
D 0 64319 3 1
D 0 64320 1 1
D 0 64321 0 1
D 0 64321 3 1
D 0 64322 0 1
D 0 64323 0 1
D 0 64324 0 1
D 0 64325 0 1
D 0 64326 0 1
D 0 64327 0 1
D 0 64328 0 1
D 0 64328 1 1
D 0 64329 3 1
D 0 64330 3 3
D 0 64331 2 1
D 0 64331 3 1
D 0 64332 2 1
D 0 64333 2 1
D 0 64334 2 1
D 0 64335 2 1
D 0 64336 2 1
D 0 64337 2 1
D 0 64338 1 1
D 0 64338 2 1
D 0 64339 3 1
D 0 64340 2 1
D 0 64341 0 1
D 0 64341 2 1
D 0 64342 0 1
D 0 64342 2 1
D 0 64343 0 1
D 0 64343 2 1
D 0 64344 0 1
D 0 64344 2 1
D 0 64345 0 1
D 0 64345 2 1
D 0 64346 0 1
D 0 64346 2 1
D 0 64347 0 1
D 0 64347 2 1
D 0 64347 5 1
D 0 64348 0 1
D 0 64348 1 1
D 0 64348 2 1
D 0 64349 3 1
D 0 64350 0 1
D 0 64350 1 1
D 0 64351 0 1
D 0 64351 3 1
D 0 64352 0 1
D 0 64353 0 1
D 0 64354 0 1
D 0 64355 0 1
D 0 64356 0 1
D 0 64357 0 1
D 0 64358 0 1
D 0 64358 1 1
D 0 64359 3 1
D 0 64367 4 1
D 0 64387 4 1
S
