#66
Lead: (null)~
Grungetown Mark 2~
(null)~
(null)~
(null)~
(null)~
0 0 0 1 67008 66293
D 0 66616 1 2
D 0 66617 0 2
D 0 66617 2 1
D 0 66617 3 2
D 0 66618 0 1
D 0 66618 2 2
D 0 66618 3 1
D 0 66620 2 1
D 0 66620 3 2
D 0 66619 1 1
D 0 66621 1 2
D 0 66597 2 1
D 0 66597 3 1
D 0 66589 0 1
D 0 66589 2 1
D 0 66590 2 1
D 0 66590 3 1
D 0 66591 0 1
D 0 66594 1 1
D 0 66596 0 1
D 0 66596 1 1
M 0 66007 0 66596 0
D 0 66593 0 2
D 0 66001 0 2
D 0 66001 2 3
D 0 66003 1 2
D 0 66003 3 3
D 0 66003 4 1
D 0 66004 1 1
D 0 66012 0 1
D 0 66013 3 1
D 0 66016 1 1
D 0 66017 3 1
D 0 66020 0 2
D 0 66020 2 1
D 0 66023 0 1
D 0 66024 2 1
D 0 66024 3 1
D 0 66026 2 1
D 0 66028 0 1
D 0 66029 3 1
D 0 66032 0 2
D 0 66033 0 3
D 0 66035 5 1
D 0 66037 0 1
D 0 66044 1 3
D 0 66045 1 2
D 0 66045 2 2
D 0 66047 3 2
D 0 66050 0 1
D 0 66057 1 1
D 0 66058 3 2
D 0 66059 1 1
D 0 66066 1 1
D 0 66074 0 1
D 0 66081 5 1
D 0 66083 0 1
D 0 66083 3 1
D 0 66086 3 2
D 0 66087 2 1
D 0 66087 3 1
D 0 66088 0 1
D 0 66092 1 1
D 0 66094 3 1
D 0 66096 5 1
D 0 66099 5 1
D 0 66102 1 1
D 0 66102 2 1
D 0 66102 5 1
D 0 66103 0 1
D 0 66103 2 1
D 0 66104 1 2
D 0 66104 2 2
D 0 66105 0 2
D 0 66105 3 2
D 0 66125 1 2
D 0 66125 5 1
D 0 66126 0 2
D 0 66126 3 2
D 0 66137 5 1
D 0 66140 3 1
D 0 66142 5 1
D 0 66143 2 1
D 0 66144 0 1
D 0 66152 1 1
D 0 66157 1 1
D 0 66158 2 1
D 0 66166 3 1
D 0 66171 0 1
D 0 66181 0 1
D 0 66182 2 1
D 0 66188 5 1
D 0 66199 1 2
D 0 66204 3 1
D 0 66208 5 1
D 0 66231 5 2
D 0 66232 0 1
D 0 66232 1 1
D 0 66233 3 1
D 0 66234 2 1
D 0 66241 0 1
D 0 66248 5 1
D 0 66263 2 1
D 0 66264 2 1
D 0 66264 5 1
D 0 66272 0 2
D 0 66273 2 2
D 0 66274 1 2
D 0 66278 3 1
D 0 66281 3 2
D 0 66284 2 1
D 0 66285 1 2
D 0 66286 1 1
D 0 66286 3 1
D 0 66287 0 1
D 0 66287 1 1
D 0 66287 3 1
D 0 66289 0 1
D 0 66290 1 1
D 0 66291 3 1
D 0 66292 2 1
D 0 66293 2 2
D 0 66294 2 1
D 0 66295 1 1
D 0 66299 2 1
D 0 66300 3 1
D 0 66310 3 1
D 0 66312 0 1
D 0 66900 2 1
D 0 66902 4 1
D 0 66904 3 1
D 0 66907 0 1
D 0 66907 5 1
D 0 66909 2 1
D 0 66911 4 1
D 0 66912 0 1
D 0 66913 2 1
D 0 66920 2 1
D 0 66922 2 1
D 0 66923 3 1
D 0 66923 5 1
D 0 66924 4 1
D 0 66925 4 1
D 0 66926 0 1
D 0 66929 0 1
D 0 66930 2 1
D 0 66930 5 1
D 0 66931 1 1
D 0 66933 4 1
D 0 66934 4 1
D 0 66940 0 1
D 0 66942 3 1
D 0 66943 3 1
D 0 66944 4 1
D 0 66945 4 1
D 0 66946 4 1
D 0 66947 4 1
D 0 66949 2 1
D 0 66950 0 1
D 0 66951 4 1
D 0 66952 4 1
D 0 66953 4 1
D 0 66954 4 1
D 0 66315 0 1
D 0 66271 3 2
D 0 66215 4 1
D 0 66219 3 1
D 0 66219 4 1
D 0 66247 4 1
D 0 66253 4 1
D 0 66255 0 1
D 0 66255 4 1
D 0 66261 4 1
D 0 66266 4 1
D 0 66268 4 1
D 0 66275 4 1
D 0 66317 4 1
D 0 66320 4 1
D 0 66010 0 1
D 0 66010 2 1
D 0 66010 4 2
D 0 66010 5 1
D 0 66353 5 1
D 0 66354 1 1
D 0 66354 4 1
D 0 66354 5 1
D 0 66379 5 1
D 0 66380 4 1
D 0 66417 0 1
D 0 66421 2 1
D 0 66422 2 1
D 0 66426 2 1
D 0 66428 2 1
D 0 66429 2 1
D 0 66430 0 1
D 0 66443 3 1
D 0 66468 3 1
D 0 66469 3 1
D 0 66470 1 1
D 0 66471 1 1
D 0 66473 3 1
D 0 66475 3 1
D 0 66476 1 1
D 0 66477 1 1
D 0 66482 3 1
D 0 66483 1 1
D 0 66486 3 1
D 0 66487 1 1
D 0 66492 2 1
D 0 66497 3 1
D 0 66499 0 1
D 0 66499 1 1
D 0 56600 2 1
D 0 56605 3 1
D 0 56605 5 1
D 0 56606 4 1
D 0 66510 1 1
D 0 66511 0 2
D 0 66511 2 2
D 0 66515 0 2
D 0 66515 2 2
D 0 66500 1 1
D 0 66506 0 1
D 0 66507 2 1
D 0 66508 1 2
D 0 66508 3 1
D 0 66509 1 1
D 0 66518 0 2
D 0 66520 0 1
D 0 66520 3 1
D 0 66521 0 2
D 0 66522 2 2
D 0 66522 3 1
D 0 66523 1 1
D 0 66523 3 1
D 0 66524 2 1
D 0 66525 2 2
D 0 66525 5 1
D 0 66526 4 1
D 0 66529 0 1
D 0 66529 1 2
D 0 66530 0 1
D 0 66530 2 1
D 0 66530 3 1
D 0 66530 5 1
D 0 66531 1 1
D 0 66531 2 1
D 0 66531 3 1
D 0 66531 5 1
D 0 66532 2 2
D 0 66532 3 1
D 0 66533 1 1
D 0 66533 2 1
D 0 66534 3 2
D 0 66538 1 1
D 0 66539 0 1
D 0 66541 2 1
D 0 66542 3 1
D 0 66544 1 1
D 0 66544 3 1
D 0 66545 3 1
D 0 66546 1 1
D 0 66800 0 1
D 0 66800 2 1
D 0 66801 2 1
D 0 66802 1 1
D 0 66802 4 1
D 0 66804 3 1
D 0 66807 0 1
D 0 66807 1 1
D 0 66807 3 1
D 0 66808 1 1
D 0 66809 3 1
D 0 66810 2 1
D 0 66811 5 1
D 0 66466 3 1
D 0 66467 1 1
D 0 66547 2 1
D 0 66548 3 1
D 0 66549 0 1
D 0 66549 1 1
D 0 66549 2 1
D 0 66550 2 1
D 0 66551 0 1
D 0 66552 2 2
D 0 66554 0 2
D 0 66555 0 1
D 0 66558 1 2
D 0 66558 3 1
D 0 66559 1 1
D 0 66559 2 2
D 0 66560 0 2
D 0 66562 0 1
D 0 66562 3 1
D 0 66563 1 1
D 0 66563 2 2
D 0 66564 2 1
D 0 66565 2 1
D 0 66566 0 2
D 0 66567 0 1
D 0 66568 2 1
D 0 66568 3 1
D 0 66569 0 1
D 0 66570 2 1
D 0 66571 0 1
D 0 66571 5 1
D 0 66572 4 1
D 0 66573 1 1
D 0 66465 3 2
D 0 66576 0 3
D 0 66576 2 2
D 0 66577 0 2
D 0 66578 0 2
D 0 66578 2 3
D 0 66579 2 2
D 0 66581 1 1
D 0 66581 3 1
D 0 66581 4 1
D 0 66980 1 1
D 0 66981 3 1
D 0 66982 1 1
D 0 66983 0 1
D 0 66983 1 1
D 0 66983 3 1
D 0 66984 1 1
D 0 66984 2 1
D 0 66986 2 1
D 0 66986 3 1
D 0 66987 1 1
D 0 66987 2 1
D 0 66988 0 1
D 0 66989 1 2
D 0 66991 0 1
D 0 66992 3 2
D 0 66598 1 1
D 0 66598 2 2
D 0 66598 3 1
D 0 66993 0 1
D 0 66993 3 1
D 0 66607 1 1
D 0 66607 2 1
D 0 66608 0 1
D 0 66609 0 1
D 0 66610 0 2
D 0 66611 4 1
D 0 66612 2 2
D 0 66612 3 1
D 0 66613 0 2
D 0 66614 5 1
D 0 66615 4 1
D 0 66604 2 1
D 0 66995 3 1
D 0 66622 0 1
D 0 66622 1 1
D 0 66622 3 1
D 0 66623 0 2
D 0 66623 2 1
D 0 66624 0 2
D 0 66624 3 1
D 0 66625 0 2
D 0 66625 2 1
D 0 66626 2 2
D 0 66627 2 2
D 0 66628 2 2
D 0 66629 0 2
D 0 66629 3 1
D 0 66630 2 2
D 0 66631 0 2
D 0 66631 1 1
D 0 66632 2 2
D 0 66633 1 1
D 0 66634 2 2
D 0 66935 0 2
D 0 66935 2 1
D 0 66936 2 1
D 0 66996 2 1
D 0 66637 2 2
D 0 66638 1 1
D 0 66639 2 1
D 0 66642 0 1
D 0 66643 2 2
D 0 66645 0 1
D 0 66645 1 2
D 0 66645 2 1
D 0 66645 4 1
D 0 66646 5 1
D 0 66647 3 2
D 0 66649 0 1
D 0 66652 5 1
D 0 66653 5 1
D 0 66654 5 1
D 0 66655 1 1
D 0 66656 2 1
D 0 66657 0 2
D 0 66659 1 2
D 0 66660 3 2
D 0 66664 3 1
D 0 66665 1 1
S
