#31
Lead: (null)~
Timeline RPTs~
(null)~
(null)~
(null)~
(null)~
0 0 0 1 0 0
D 0 31003 1 2
D 0 31004 3 2
D 0 31006 0 1
D 0 31007 2 1
D 0 31008 0 2
D 0 31009 1 1
D 0 31010 3 2
D 0 31012 3 1
D 0 31013 1 2
D 0 31018 3 2
D 0 31025 0 2
D 0 31025 2 1
D 0 31026 2 2
D 0 31027 0 1
D 0 31029 2 2
D 0 31036 1 1
D 0 31037 0 1
D 0 31043 0 1
D 0 31044 0 2
D 0 31044 1 2
D 0 31044 2 1
D 0 31047 1 1
D 0 31048 3 1
D 0 31051 0 2
D 0 31055 5 1
D 0 31056 4 3
D 0 31059 2 1
D 0 31076 3 1
D 0 31077 1 2
D 0 31081 3 2
D 0 31098 4 1
D 0 31100 2 1
D 0 31101 3 1
D 0 31102 1 1
D 0 31109 0 1
D 0 31112 2 1
D 0 31113 0 1
D 0 31115 2 1
D 0 31117 0 1
D 0 31122 0 1
D 0 31123 2 1
D 0 31135 1 1
D 0 31136 0 2
D 0 31136 2 2
D 0 31136 3 1
D 0 31137 0 2
D 0 31138 2 2
D 0 31140 0 2
D 0 31141 2 2
S
