#72
Lead: (null)~
Empty Zone~
(null)~
(null)~
(null)~
(null)~
0 0 0 1 0 0
D 0 72028 1 1
D 0 72028 3 1
D 0 72029 1 1
D 0 72030 3 1
D 0 72053 0 1
D 0 72053 1 1
D 0 72053 3 1
D 0 72061 2 1
D 0 72072 2 2
D 0 72071 2 2
D 0 72068 1 1
D 0 72069 3 1
D 0 72073 0 1
D 0 72074 0 2
D 0 72077 2 1
M 0 50200 0 72078 0
D 0 72060 1 1
D 0 72055 2 1
D 0 72054 0 1
D 0 72054 3 1
D 0 72093 1 1
D 0 72093 2 1
D 0 72084 1 3
D 0 72088 3 3
D 0 72090 1 2
D 0 72091 3 1
D 0 72092 2 3
D 0 72094 1 1
D 0 72094 2 1
D 0 72096 0 1
D 0 72096 1 1
D 0 72097 3 1
D 0 72099 0 1
D 0 72100 2 1
D 0 72100 3 1
D 0 72101 1 1
D 0 72102 2 1
D 0 72102 3 1
D 0 72103 1 1
D 0 72104 0 1
D 0 72104 1 1
D 0 72105 3 1
D 0 72111 2 1
D 0 72111 3 1
D 0 72112 1 1
D 0 72112 2 1
D 0 72113 1 1
D 0 72114 3 1
D 0 72115 0 1
D 0 72116 0 1
D 0 72117 0 1
D 0 72117 3 1
D 0 72118 0 1
D 0 72118 3 1
D 0 72119 1 1
D 0 72120 2 1
D 0 72121 0 1
D 0 72123 0 3
D 0 72124 0 1
D 0 72124 2 3
D 0 72128 0 1
D 0 72131 0 1
D 0 72131 3 1
D 0 72132 0 1
D 0 72132 1 1
D 0 72133 4 1
D 0 72134 2 1
D 0 72135 2 1
D 0 72136 0 1
D 0 72136 1 1
D 0 72137 3 1
D 0 72138 1 1
D 0 72139 0 1
D 0 72139 3 1
D 0 72140 2 1
D 0 72140 3 1
D 0 72141 1 1
D 0 72141 2 1
D 0 72142 0 1
D 0 72142 1 1
D 0 72143 3 1
D 0 72144 1 1
D 0 72146 3 1
D 0 72147 1 1
D 0 72148 3 1
D 0 72149 3 1
D 0 72152 2 1
D 0 72152 5 1
D 0 72153 0 1
D 0 72154 1 2
D 0 72154 2 1
D 0 72155 0 1
D 0 72155 1 2
D 0 72157 1 1
D 0 72157 3 2
D 0 72158 3 1
D 0 72160 1 1
D 0 72161 3 1
D 0 72162 5 1
D 0 72164 2 1
D 0 72165 5 1
D 0 72168 0 1
D 0 72168 3 1
D 0 72169 1 1
D 0 72170 2 1
D 0 72171 0 1
D 0 72173 2 1
D 0 72174 0 1
D 0 72176 1 1
D 0 72177 3 1
D 0 72180 0 3
D 0 72182 1 1
D 0 72183 3 1
D 0 72184 1 1
D 0 72184 2 1
D 0 72185 0 1
D 0 72185 1 1
D 0 72186 1 1
D 0 72186 3 1
D 0 72187 1 1
D 0 72187 3 1
D 0 72188 3 1
D 0 72189 0 1
D 0 72191 3 1
D 0 72178 1 1
D 0 72192 1 1
D 0 72192 3 1
D 0 72193 3 1
D 0 72195 1 1
D 0 72196 3 1
D 0 72199 2 1
M 0 50200 0 72016 0
D 0 72203 3 1
D 0 72204 1 1
D 0 72204 4 1
D 0 72207 0 1
D 0 72208 2 1
D 0 72210 2 1
D 0 72211 0 1
D 0 72212 0 1
D 0 72213 2 1
D 0 72215 3 1
D 0 72216 1 1
D 0 72217 3 1
D 0 72218 1 1
D 0 72218 3 1
D 0 72219 1 1
D 0 72220 2 1
D 0 72220 4 1
D 0 72221 2 1
D 0 72223 0 1
D 0 72224 0 1
D 0 72225 1 1
D 0 72226 3 1
D 0 72227 5 1
D 0 72230 2 1
D 0 72231 0 1
D 0 72231 2 1
D 0 72231 3 1
D 0 72232 1 1
D 0 72233 0 1
D 0 72234 2 1
D 0 72234 3 1
D 0 72235 0 1
D 0 72239 2 1
D 0 72239 3 1
D 0 72240 0 1
D 0 72241 1 1
D 0 72242 1 1
D 0 72106 2 1
D 0 72243 3 1
D 0 72244 1 1
D 0 72245 1 1
D 0 72246 0 1
D 0 72246 3 1
D 0 72247 2 1
D 0 72248 1 1
D 0 72248 2 1
D 0 72901 0 1
D 0 72902 2 1
D 0 72249 0 1
D 0 72249 1 1
D 0 72250 3 1
D 0 72251 3 1
D 0 72257 2 1
D 0 72228 1 1
D 0 72589 0 1
D 0 72590 2 1
D 0 72582 2 1
D 0 72582 3 1
D 0 72583 0 1
D 0 72583 2 1
D 0 72584 0 1
S
