#53
Lead: (null)~
Grungetown Wilderness~
(null)~
(null)~
(null)~
(null)~
0 0 0 1 0 0
D 0 53001 2 2
D 0 53078 0 1
D 0 53086 0 1
D 0 53266 2 1
D 0 53267 0 1
D 0 53109 0 1
D 0 53112 2 1
D 0 53114 2 1
D 0 53118 0 1
D 0 53802 0 1
D 0 53802 2 1
D 0 53804 2 1
D 0 53805 0 1
D 0 53806 0 1
D 0 53807 2 1
D 0 53286 1 1
D 0 53292 1 1
D 0 53293 1 1
D 0 53293 3 1
D 0 53295 3 1
D 0 53332 3 1
D 0 53333 5 2
D 0 53430 1 1
D 0 53468 2 1
D 0 53566 1 3
D 0 53534 1 2
D 0 53531 0 2
D 0 53635 0 2
D 0 53631 2 2
D 0 53630 3 2
D 0 53625 0 2
D 0 53622 3 2
D 0 53607 1 2
D 0 53641 3 2
D 0 53506 4 2
M 0 53028 0 53506 0
D 0 53508 0 1
D 0 53509 0 1
D 0 53509 1 1
D 0 53509 2 1
D 0 53513 3 1
D 0 53521 0 1
D 0 53522 3 1
D 0 53523 1 1
D 0 53661 2 1
D 0 53664 0 1
D 0 53664 5 1
D 0 53667 2 1
D 0 53668 0 1
D 0 53669 2 1
D 0 53688 2 1
D 0 53689 2 1
D 0 53690 0 1
D 0 53691 0 1
D 0 53692 1 1
D 0 53693 2 1
D 0 53694 3 1
D 0 53695 1 1
D 0 53696 0 1
D 0 53706 5 2
D 0 53707 4 2
D 0 53716 4 1
D 0 53744 1 1
D 0 53760 0 2
D 0 53761 2 2
D 0 53771 3 1
D 0 53773 1 1
D 0 53775 3 1
D 0 53776 1 1
D 0 53779 0 1
D 0 53779 3 1
D 0 53781 2 1
D 0 53782 1 1
D 0 53783 2 3
D 0 53784 0 3
D 0 53784 3 1
D 0 53786 0 1
D 0 53786 2 1
D 0 53787 2 1
D 0 53787 3 1
D 0 53788 1 1
D 0 53789 0 1
D 0 53793 1 1
D 0 53794 1 2
D 0 53794 3 2
D 0 53795 1 2
D 0 53795 3 2
D 0 53796 1 2
D 0 53797 3 2
D 0 53798 1 2
D 0 53799 3 2
D 0 53780 2 1
S
