#55
Lead: (null)~
Grungetown~
(null)~
(null)~
(null)~
(null)~
0 0 0 1 0 0
D 0 55001 0 2
D 0 55002 1 3
D 0 55002 3 2
D 0 55002 4 2
D 0 55003 1 2
D 0 55003 3 3
D 0 55003 4 2
D 0 55004 1 2
D 0 55007 3 1
D 0 55019 0 1
D 0 55020 2 2
D 0 55023 0 2
D 0 55026 2 1
D 0 55027 3 3
D 0 55028 0 1
D 0 55029 3 1
D 0 55032 0 2
D 0 55033 0 3
D 0 55035 5 1
D 0 55044 1 3
D 0 55045 1 2
D 0 55045 2 1
D 0 55050 0 2
D 0 55057 1 2
D 0 55065 3 2
D 0 55066 1 2
D 0 55070 1 1
D 0 55073 3 2
D 0 55074 0 2
D 0 55075 0 2
D 0 55081 5 1
D 0 55083 3 2
D 0 55086 1 1
D 0 55093 1 1
D 0 55094 3 2
D 0 55099 5 1
D 0 55100 2 2
D 0 55104 1 2
D 0 55105 3 2
D 0 55112 3 1
D 0 55126 0 1
D 0 55126 3 2
D 0 55138 1 2
D 0 55137 5 1
D 0 55143 3 2
D 0 55144 1 1
D 0 55145 5 1
D 0 55146 0 1
D 0 55147 3 2
D 0 55154 3 2
D 0 55157 2 1
D 0 55158 2 2
D 0 55163 2 1
D 0 55165 1 2
D 0 55169 2 2
D 0 55171 3 2
D 0 55172 0 1
D 0 55173 1 2
D 0 55174 1 1
D 0 55175 0 1
D 0 55181 0 1
D 0 55182 2 1
D 0 55184 2 2
D 0 55187 3 1
D 0 55188 5 1
D 0 55189 0 1
D 0 55190 5 2
D 0 55192 2 1
D 0 55195 1 2
D 0 55198 0 2
D 0 55198 3 1
D 0 55199 1 1
D 0 55202 1 2
D 0 55204 3 2
D 0 55206 3 1
D 0 55207 1 1
D 0 55208 5 1
D 0 55231 5 1
D 0 55232 0 2
D 0 55232 1 2
D 0 55233 3 2
D 0 55234 2 2
D 0 55241 0 1
D 0 55248 5 1
D 0 55263 2 2
D 0 55264 2 2
D 0 55264 3 1
D 0 55264 5 1
D 0 55274 1 2
D 0 55281 3 2
M 0 56033 0 55282 0
D 0 55285 1 2
D 0 55290 1 1
D 0 55291 3 1
D 0 55292 2 1
D 0 55293 2 2
D 0 55294 2 1
D 0 55295 1 1
D 0 55299 2 1
D 0 55300 3 1
D 0 55310 3 1
D 0 55312 0 1
M 0 55990 0 55990 0
D 0 55900 2 2
D 0 55902 4 2
D 0 55904 3 2
D 0 55906 2 2
D 0 55907 0 2
D 0 55909 2 2
D 0 55910 0 2
D 0 55911 4 1
D 0 55912 0 1
D 0 55913 2 1
D 0 55914 0 1
D 0 55920 2 2
D 0 55922 2 2
D 0 55923 3 2
D 0 55924 4 1
D 0 55925 4 1
D 0 55926 0 1
D 0 55929 0 2
D 0 55930 2 2
D 0 55931 1 1
D 0 55933 4 1
D 0 55934 4 1
D 0 55940 0 2
D 0 55942 3 2
D 0 55943 3 2
D 0 55944 4 1
D 0 55945 4 1
D 0 55946 4 1
D 0 55947 4 1
D 0 55949 2 2
D 0 55950 0 2
D 0 55951 4 1
D 0 55952 4 1
D 0 55953 4 1
D 0 55954 4 1
M 0 55990 0 55960 0
M 0 55990 0 55961 0
M 0 55990 0 55962 0
M 0 55990 0 55963 0
M 0 55990 0 55964 0
M 0 55990 0 55965 0
M 0 55990 0 55966 0
M 0 55990 0 55967 0
M 0 55990 0 55968 0
M 0 55990 0 55969 0
M 0 55990 0 55970 0
M 0 55990 0 55971 0
M 0 55990 0 55972 0
M 0 55990 0 55973 0
M 0 55990 0 55974 0
D 0 55315 0 1
D 0 55271 3 2
D 0 55215 4 1
D 0 55219 3 1
D 0 55219 4 1
D 0 55247 4 1
D 0 55253 4 1
D 0 55255 0 1
D 0 55255 4 1
D 0 55261 4 1
D 0 55266 4 1
D 0 55268 4 1
D 0 55275 4 1
D 0 55317 4 1
D 0 55320 4 1
D 0 55010 0 1
D 0 55010 2 1
D 0 55010 4 1
D 0 55010 5 2
D 0 55353 5 1
D 0 55354 1 1
D 0 55354 4 1
D 0 55354 5 2
D 0 55379 5 1
D 0 55380 4 1
D 0 55380 5 2
D 0 55417 0 1
D 0 55421 2 1
D 0 55422 2 1
D 0 55426 2 1
D 0 55428 2 1
D 0 55429 2 1
D 0 55430 0 1
D 0 55443 3 1
D 0 55456 1 2
D 0 55462 1 3
D 0 55468 3 2
D 0 55469 3 1
D 0 55470 1 2
D 0 55471 1 1
D 0 55473 3 2
D 0 55475 3 1
D 0 55476 1 2
D 0 55477 1 1
D 0 55482 3 1
D 0 55483 1 1
D 0 55486 3 1
D 0 55487 1 1
D 0 55492 2 1
D 0 55505 3 2
D 0 55505 5 2
D 0 55506 4 2
D 0 55507 1 2
D 0 55507 3 2
D 0 55508 0 1
D 0 55508 2 2
M 0 55064 0 55508 0
G 1 56007 0
E 1 4126 0 3
E 1 4127 0 6
E 1 4124 0 7
E 1 4005 0 8
E 1 4125 0 9
E 1 4123 0 10
E 1 4122 0 12
E 1 3042 0 13
E 1 13039 0 20
s 1 13021 1
E 1 3035 0 21
E 1 13040 0 27
D 0 55509 0 2
D 0 55509 3 1
D 0 55510 1 1
D 0 55511 3 1
D 0 55511 5 2
D 0 55512 4 2
S
