#71
Lead: (null)~
Empty Zone~
(null)~
(null)~
(null)~
(null)~
0 0 0 1 0 0
D 0 71001 0 1
D 0 71001 1 1
D 0 71001 2 1
D 0 71001 3 1
D 0 71002 0 1
D 0 71002 2 1
D 0 71003 1 1
D 0 71003 3 1
D 0 71004 0 1
D 0 71004 2 1
D 0 71005 1 1
D 0 71005 3 1
D 0 71006 2 1
D 0 71008 0 1
D 0 71008 1 1
D 0 71008 3 1
D 0 71009 1 1
D 0 71010 0 1
D 0 71010 2 1
D 0 71011 0 1
D 0 71012 2 1
D 0 71014 0 1
D 0 71014 2 1
D 0 71014 3 1
D 0 71015 2 1
D 0 71016 1 1
D 0 71017 2 1
D 0 71018 0 1
D 0 71019 2 1
D 0 71021 1 1
D 0 71022 2 1
D 0 71023 2 1
D 0 71023 3 1
D 0 71025 0 1
D 0 71025 3 1
D 0 71026 1 1
D 0 71026 2 1
D 0 71027 0 1
D 0 71027 1 1
D 0 71027 2 1
D 0 71027 3 1
D 0 71028 3 1
D 0 71029 3 1
D 0 71030 0 1
D 0 71031 0 1
D 0 71032 3 1
D 0 71033 1 1
D 0 71034 0 1
D 0 71034 3 1
D 0 71035 1 1
D 0 71040 5 1
D 0 71041 4 1
S
