#50
Lead: (null)~
Spaceship~
(null)~
(null)~
(null)~
(null)~
0 0 0 1 0 0
D 0 50305 2 1
D 0 50307 0 1
D 0 50315 2 1
D 0 50317 0 1
D 0 50328 0 2
D 0 50328 1 1
D 0 50329 2 2
D 0 50400 0 1
D 0 50401 2 1
D 0 50406 1 1
D 0 50406 4 3
D 0 50407 0 1
D 0 50408 2 1
D 0 50409 4 3
D 0 50414 1 1
D 0 50416 3 1
D 0 50416 4 3
D 0 50419 1 1
D 0 50419 3 1
D 0 50420 3 1
D 0 50421 3 1
D 0 50423 1 1
D 0 50503 0 1
D 0 50505 2 1
D 0 50508 0 3
D 0 50508 3 1
D 0 50509 2 3
D 0 50513 0 1
D 0 50513 3 1
D 0 50515 1 1
D 0 50515 2 1
D 0 50517 1 1
D 0 50518 2 1
D 0 50519 0 1
D 0 50519 2 1
D 0 50521 1 1
D 0 50521 2 1
D 0 50523 0 1
D 0 50523 3 1
D 0 50524 0 1
D 0 50526 0 1
D 0 50528 0 3
D 0 50528 2 1
D 0 50529 2 3
D 0 50533 0 3
D 0 50534 3 1
D 0 50535 2 3
D 0 50536 1 1
D 0 50536 3 3
D 0 50537 1 3
D 0 50538 1 2
D 0 50539 3 2
D 0 50425 5 3
D 0 50435 5 3
D 0 50443 5 3
D 0 50119 3 2
D 0 50122 0 2
D 0 50122 1 2
D 0 50122 2 2
D 0 50122 3 2
D 0 50122 4 3
D 0 50125 2 2
D 0 50127 1 1
D 0 50127 2 1
D 0 50127 3 1
D 0 50128 1 1
D 0 50128 2 1
D 0 50128 3 1
D 0 50130 0 1
D 0 50130 1 1
D 0 50133 2 1
D 0 50134 1 2
D 0 50134 3 1
D 0 50135 3 1
D 0 50136 1 1
D 0 50139 3 1
D 0 50140 1 1
D 0 50147 3 1
D 0 50148 0 2
D 0 50149 0 1
M 0 50010 0 50200 0
D 0 50201 0 1
D 0 50201 4 2
D 0 50204 2 1
D 0 50207 0 1
D 0 50209 2 1
D 0 50210 2 1
D 0 50211 2 1
D 0 50212 5 2
D 0 50213 5 3
D 0 50214 2 1
D 0 50216 4 3
D 0 50217 0 1
D 0 50218 2 1
D 0 50220 5 3
D 0 50228 5 3
D 0 50150 3 1
D 0 50151 1 2
D 0 50151 3 2
D 0 50155 3 1
D 0 50156 1 1
D 0 50156 2 1
D 0 50158 1 1
D 0 50159 0 1
D 0 50159 1 1
D 0 50159 3 1
D 0 50157 1 1
D 0 50157 2 1
D 0 50157 3 1
D 0 50160 1 1
D 0 50160 3 1
D 0 50163 0 1
D 0 50163 1 1
D 0 50163 3 1
D 0 50164 1 1
D 0 50164 3 1
D 0 50165 1 1
D 0 50165 2 1
D 0 50165 3 1
D 0 50229 2 1
D 0 50232 2 1
D 0 50233 1 1
D 0 50234 1 1
D 0 50235 1 1
D 0 50236 0 1
D 0 50237 2 1
D 0 50238 2 1
D 0 50239 2 1
D 0 50240 2 1
D 0 50240 4 3
D 0 50241 2 1
D 0 50241 4 3
D 0 50243 2 1
D 0 50243 4 3
D 0 50245 2 1
D 0 50246 2 1
D 0 50247 2 1
D 0 50248 2 1
D 0 50249 2 1
D 0 50252 0 1
D 0 50253 3 1
D 0 50254 3 1
D 0 50255 3 1
D 0 50261 0 1
D 0 50261 2 1
D 0 50262 0 1
D 0 50263 0 1
D 0 50264 0 1
D 0 50265 0 1
D 0 50265 1 1
D 0 50266 3 1
D 0 50267 0 1
D 0 50268 0 1
D 0 50270 0 1
D 0 50271 0 1
D 0 50272 1 1
D 0 50272 3 1
D 0 50273 1 1
D 0 50274 1 1
D 0 50274 3 2
D 0 50277 3 1
D 0 50278 1 2
D 0 50279 3 1
D 0 50281 3 1
D 0 50282 1 1
D 0 50282 5 1
D 0 50283 1 1
D 0 50284 1 1
D 0 50285 1 1
D 0 50286 3 1
D 0 50287 3 1
D 0 50289 0 1
D 0 50289 3 1
D 0 50290 0 1
D 0 50291 0 1
D 0 50292 0 1
D 0 50293 0 1
D 0 50294 0 1
D 0 50295 5 3
D 0 50299 4 1
D 0 50174 1 2
D 0 50175 3 2
D 0 50176 1 1
D 0 50176 3 2
D 0 50177 1 2
D 0 50177 3 1
D 0 50166 3 1
D 0 50167 1 1
D 0 50169 3 1
D 0 50170 1 1
D 0 50168 3 1
D 0 50171 1 1
D 0 50172 0 1
D 0 50173 3 1
D 0 50178 1 1
D 0 50179 3 1
D 0 50180 1 1
D 0 50181 3 1
D 0 50182 1 1
D 0 50183 0 1
M 0 50013 0 50006 0
M 0 50010 0 50007 0
D 0 50105 5 3
D 0 50106 1 2
D 0 50107 2 2
D 0 50108 3 2
D 0 50109 0 2
D 0 50333 3 1
D 0 50011 2 1
D 0 50357 3 1
D 0 50609 2 1
D 0 50610 0 1
D 0 50549 0 1
D 0 50801 2 1
D 0 50806 5 1
D 0 50827 4 1
D 0 50832 1 1
D 0 50100 1 2
D 0 50100 3 1
D 0 50102 1 1
D 0 50103 3 1
D 0 50110 3 1
D 0 50015 1 1
M 0 50010 0 50900 0
D 0 50020 3 1
D 0 50021 1 1
S
