#0
Lead: Kithrater~
The Immortal Zone~
(null)~
(null)~
(null)~
(null)~
0 0 0 1 0 0
D 0 121 2 1
D 0 122 0 1
D 0 123 3 2
D 0 130 1 2
D 0 131 0 3
D 0 131 3 2
D 0 132 0 2
D 0 132 2 3
D 0 132 4 1
D 0 134 0 3
D 0 135 2 1
D 0 135 4 1
D 0 137 0 1
D 0 137 2 1
D 0 138 2 1
D 0 139 2 3
D 0 139 4 1
D 0 140 0 3
D 0 142 0 1
D 0 152 5 1
M 0 50001 0 155 0
D 0 156 1 2
M 0 50001 0 157 0
D 0 160 5 1
D 0 162 5 1
D 0 170 2 2
D 0 45 1 3
D 0 46 3 2
M 0 5 0 207 0
M 0 6 0 208 0
M 0 7 0 209 0
M 0 8 0 210 0
M 0 9 0 211 0
M 0 50010 0 247 0
M 0 65001 0 247 0
M 0 54000 0 247 0
M 0 69021 0 247 0
M 0 69019 0 247 0
D 0 9 1 1
D 0 10 3 1
M 0 55013 0 10 0
D 0 992 0 1
D 0 992 2 1
M 0 304 0 230 0
M 0 2 0 16 0
M 0 10 0 221 0
D 0 249 0 2
D 0 249 2 1
D 0 500 0 3
D 0 333 1 1
D 0 55 4 1
D 0 56 0 1
D 0 56 5 1
D 0 57 2 1
D 0 335 3 1
D 0 21 0 1
M 0 20 0 32 0
E 1 3031 0 6
D 0 520 5 3
D 0 521 4 3
M 0 20 0 35 0
E 1 3500 0 5
D 0 991 2 1
D 0 412 0 1
D 0 414 5 1
D 0 415 5 1
D 0 417 5 1
D 0 418 5 1
D 0 419 5 1
D 0 58 5 2
D 0 59 5 2
D 0 60 5 2
D 0 61 5 2
D 0 62 5 2
D 0 63 5 2
D 0 64 5 2
D 0 65 5 2
D 0 66 5 2
D 0 42 0 1
D 0 54 2 1
D 0 79 4 3
D 0 80 5 1
M 0 127 0 127 0
E 1 3031 0 6
D 0 96 1 2
D 0 97 3 2
D 0 70 1 2
D 0 71 3 2
D 0 113 2 1
M 0 340 0 113 0
E 1 3058 0 5
E 1 3031 0 6
E 1 14050 0 30
E 1 14023 0 37
D 0 114 0 1
S
