#56
Lead: (null)~
Grungetown Interior~
(null)~
(null)~
(null)~
(null)~
0 0 0 1 0 0
D 0 56803 1 2
D 0 56803 2 1
D 0 56803 3 1
D 0 56804 3 2
D 0 56805 1 2
D 0 56001 1 1
D 0 56001 5 1
D 0 56002 5 1
D 0 56003 0 1
D 0 56003 1 1
D 0 56003 2 1
D 0 56004 2 1
D 0 56221 0 2
D 0 56221 2 2
D 0 56221 4 2
D 0 56222 0 2
D 0 56222 1 1
D 0 56223 1 2
D 0 56223 2 2
D 0 56224 0 2
D 0 56224 1 2
D 0 56225 0 2
D 0 56226 3 2
D 0 56227 2 2
D 0 56227 5 2
D 0 56228 3 2
D 0 56229 1 2
D 0 56229 2 2
D 0 56230 3 2
D 0 56231 0 2
D 0 56235 2 2
D 0 56251 2 2
D 0 56252 0 1
D 0 56252 4 2
D 0 56253 2 1
D 0 56258 1 1
D 0 56260 1 2
D 0 56260 3 1
D 0 56262 3 1
D 0 56010 1 1
D 0 56314 4 1
D 0 56316 3 1
D 0 56316 5 1
D 0 56298 4 1
D 0 56217 2 1
D 0 56296 0 1
D 0 56297 5 1
D 0 56311 4 1
D 0 56308 0 2
D 0 56308 2 2
D 0 56308 3 2
D 0 56219 1 2
D 0 56219 3 2
D 0 56302 2 2
D 0 56243 3 1
D 0 56301 0 2
D 0 56304 1 2
D 0 56220 0 2
D 0 56245 1 1
D 0 56236 3 1
D 0 56250 0 2
D 0 56250 1 2
D 0 56250 2 1
D 0 56250 5 2
D 0 56246 1 1
D 0 56247 4 1
D 0 56810 0 2
D 0 56418 2 1
D 0 56422 0 1
D 0 56427 0 1
D 0 56423 0 1
D 0 56425 0 1
D 0 56424 0 1
D 0 56011 3 2
D 0 56023 1 1
D 0 56026 3 1
D 0 56027 1 1
D 0 56028 3 1
D 0 56043 1 1
D 0 56044 0 1
D 0 56200 1 2
D 0 56200 2 2
D 0 56202 0 2
D 0 56205 2 1
D 0 56207 0 1
D 0 56208 0 1
D 0 56208 2 1
D 0 56209 2 1
D 0 56210 0 1
D 0 56211 0 2
D 0 56046 0 2
D 0 56046 2 1
D 0 56047 0 1
D 0 56047 1 1
D 0 56052 2 2
D 0 56052 3 2
D 0 56054 0 1
D 0 56055 0 2
D 0 56056 1 2
D 0 56060 4 1
D 0 56064 3 1
D 0 56065 5 1
D 0 56066 0 1
D 0 56066 2 1
D 0 56067 2 1
D 0 56061 1 2
D 0 56068 3 2
D 0 56069 0 2
D 0 56071 5 1
D 0 56073 1 2
D 0 56073 5 1
D 0 56076 5 2
D 0 56078 1 2
D 0 56079 4 2
D 0 56081 2 2
D 0 56082 0 2
D 0 56082 3 2
D 0 56083 1 2
D 0 56085 2 2
D 0 56086 0 2
D 0 56086 1 2
D 0 56087 3 2
D 0 56090 2 2
D 0 56091 0 2
D 0 56091 3 2
D 0 56092 1 2
D 0 56088 2 2
D 0 56094 0 2
D 0 56095 3 2
D 0 56096 1 2
D 0 56096 2 2
D 0 56096 3 1
D 0 56097 0 2
D 0 56098 1 1
D 0 56101 1 1
D 0 56101 5 1
D 0 56102 2 1
D 0 56103 3 2
M 0 56008 0 56103 0
D 0 56104 1 2
D 0 56104 3 2
D 0 56105 1 2
D 0 56107 2 2
D 0 56108 0 2
D 0 56108 1 2
D 0 56109 3 2
D 0 56113 0 1
D 0 56114 2 1
D 0 56115 2 2
D 0 56116 0 2
D 0 56116 3 2
D 0 56116 5 1
D 0 56117 4 1
D 0 56118 1 1
D 0 56119 3 2
D 0 56120 1 2
D 0 56120 3 1
D 0 56126 2 2
D 0 56127 3 2
D 0 56128 0 2
D 0 56128 1 2
D 0 56128 3 2
D 0 56130 2 2
D 0 56131 1 2
D 0 56135 0 1
D 0 56300 5 1
D 0 56136 1 1
M 0 56133 0 56133 0
S
