#68
Lead: (null)~
sewers~
(null)~
(null)~
(null)~
(null)~
0 0 0 1 0 0
D 0 68018 3 2
D 0 68044 1 2
D 0 68020 4 1
D 0 68025 0 2
D 0 68030 2 2
D 0 68056 3 1
D 0 68064 1 1
D 0 68077 2 1
D 0 68085 2 1
D 0 68095 1 1
D 0 68106 0 1
D 0 68111 3 1
D 0 68136 0 2
D 0 68137 1 1
D 0 68137 4 1
D 0 68138 2 1
D 0 68138 4 1
D 0 68139 3 1
D 0 68139 4 1
D 0 68140 0 1
D 0 68140 4 1
D 0 68141 3 1
D 0 68141 4 1
D 0 68142 1 1
D 0 68142 4 1
D 0 68160 2 2
D 0 68209 0 1
D 0 68214 0 1
D 0 68215 1 1
D 0 68216 2 1
D 0 68218 3 1
D 0 68219 1 2
D 0 68219 3 1
D 0 68220 1 1
D 0 68221 3 2
S
